8783
8023
3849
483A
6199
3676
3918
4076
4662
3962
4386
173A
2354
3562
3933
4685
6088
9692
4687
4486
3698
3916
4709
4398
9889
5133
9432
4442
8157
4495
5599
6835
3762
9702
2326
4498
3927
3905
3968
8151
4447
436A
3837
2760
4395
2467
4347
3040
3909
4847
3992
3682
3132
2323
4493
7093
6050
155A
3788
2327
4015
9250
4704
4475
4174
3054
4307
4413
4417
3042
4441
338A
4258
6777
3967
4288
3692
3997
153A
3858
4166
167A
3697
4344
4494
6675
9449
